Старт 0 0 0 0 0 0 0 0 0 0 0
Chanel 20 100 300 900 1600 2500 600 300 360 500
Шанс 0 0 0 0 0 0 0 0 0 0 0
HugoBoss 40 200 600 1800 3200 4500 600 300 360 500
Налог 0 0 0 0 0 0 0 0 0 0 0
Mercedes 250 250 500 1000 2000 0 2000 1000 1200 0
Adidas 60 300 900 2700 4000 5500 1000 500 600 500
Шанс 0 0 0 0 0 0 0 0 0 0 0
Puma 60 300 900 2700 4000 5500 1000 500 600 500
Lacoste 80 400 1000 3000 4500 6000 1200 600 720 500
Тюрьма 0 0 0 0 0 0 0 0 0 0 0
Вконтакте 100 500 1500 4500 6250 7500 1400 700 840 750
Rovio 100 100 250 0 0 0 1500 750 900 0
Facebook 100 500 1500 4500 6250 7500 1400 700 840 750
Twitter 120 600 1800 5000 7000 9000 1600 800 960 750
Audi 250 250 500 1000 2000 0 2000 1000 1200 0
CocaCola 140 700 2000 5500 7500 9500 1800 900 1080 1000
Шанс 0 0 0 0 0 0 0 0 0 0 0
Pepsi 140 700 2000 5500 7500 9500 1800 900 1080 1000
Fanta 160 800 2200 6000 8100 10000 2000 1000 1200 1000
Джекпот 0 0 0 0 0 0 0 0 0 0 0
AmericanAirlines 180 900 2500 7000 8750 10500 2200 1100 1320 1250
Шанс 0 0 0 0 0 0 0 0 0 0 0
Lufthansa 180 900 2500 7000 8750 10500 2200 1100 1320 1250
BritishAirways 200 1000 3000 7500 9250 11000 2400 1200 1440 1250
Ford 250 250 500 1000 2000 0 2000 1000 1200 0
McDonalds 220 1100 3300 8000 9750 11500 2600 1300 1560 1500
BurgerKing 220 1100 3300 8000 9750 11500 2600 1300 1560 1500
RockstarGames 100 100 250 0 0 0 1500 750 900 0
KFC 240 1200 3600 8500 10250 12000 2800 1400 1680 1500
Тюрьма 0 0 0 0 0 0 0 0 0 0 0
HolidayInn 260 1300 3900 9000 11000 12750 3000 1500 1800 1750
Radisson 260 1300 3900 9000 11000 12750 3000 1500 1800 1750
Шанс 0 0 0 0 0 0 0 0 0 0 0
Novotel 280 1500 4500 10000 12000 14000 3200 1600 1920 1750
LandRover 250 250 500 1000 2000 0 2000 1000 1200 0
Штраф 0 0 0 0 0 0 0 0 0 0 0
Apple 350 1700 5000 11000 13100 15250 3500 1750 2100 2000
Шанс 0 0 0 0 0 0 0 0 0 0 0
Nokia 500 2000 6000 14000 16500 18600 4000 2000 2400 2000